17758946811462711826044480
510387577635542425
28950638214986732115
91871568379041886270015
8248230461539025535115285
715664230190
10
7305044340
11013067253919440916482661440
9353409110
344128244198634265565
7347496543011365088760
5
0
95
80191570
9636757322837434230
3042146097739732941760630
6024845510383417961610
5
1965
6090
6937055059445880
13867520
28088399179720
079198530964395
488339422225
5139939877047420
13751737656250
569270835385870
8720043123591363267753508565
04402429398070650800
621112201354144105179490
10593856790722764921924793885
066491048489433627495093665
54538214972120
975603395623605
44030681609601920503941531865
52521915059545895851363298870
155400
935064838869202771500820
0648165683919488692164550
687352999891246950
800430919200936303310
076660
04384646815590
97717146282513374322495
7199945673211319245
896160252565518453441881760
03340
13270
62607308852230031379210
682802843706493695
3561229180597822976278720
796879742633077620
7705
631047505148684015128635220
067997778846748234076535806300
1049532772006265
14783825154904251295687406835
2647735062783153800763319385
449591981018430
5421856045214435
84378393017460
59015
77892010315
40709656378375530
1128453609071679545
154502165
11951247488807640
94357590
900
77415
83580922785786794074227115
0
3543570636943088793929345
30
21842262443594406364797814110
99188386370913845
1459125585522672016034170
08914740240931098439183605620
406269886162564383543523430
77999966519578430766135
924245331744601614737067876795
33053356095977572454116300
276843058244438476317264545
099512433855
0422861035305485
810209968546504773660
74497326528580474363945
948343712215690576198510295
30659240545915
1397830
6578675096168091955337199810
32725272240718199087645
9768608666911466855
36215
313618063780
762635665
7283203068269004026170
32449963011486610
38231813854966379201017047285
62755068506896685
16135
602983753673578064605737448760
3687846369532823640407475
47033217955116405219780680
133408367049138824762640
169298464866030
2390581012495
803853594394914072194019505
2656543601485725159416235030
75
982532236694578585499475195085
8568654173319190
7046140202691656044470280455
88892400680734927140
809508790797735245
6553166985
90853767389496245152356265
7705995
4301278575995228160
30110965
441788734460260
3883383933018554499310
03100339700
550467228936934880333275
9534419944767593820
678260723527116805
14783510
56549961335
37301965582020575267797215310
8855
7476578105913218321231111635
3011879395060050
5
153748277740
5579506412981690750
589027492053195002965
6964584775
0
096520
902493059216110
55308775237445
49331817882809443248595
386793682870916759810
57197645022124459591046217535
7236495
442986771765735
6673684770
61490
5279930462820360
15917675144021049795
90772302684305
331853399280559300927785910
225985
9462575727590
73464297275
62045
918145308048770082555
1476504000
7325
681696055538989874473343300945
863582524225
18287605773073276432020
50651953216028816390
79475711490657209996889855
2975
170
7531040004643356860567340785
50757226380
663926351115026310
153810
7006669866460
8260513377169738808442195
87444708782545
00
102161535
99893423268058000
0
793376605
40131003721780
5492242491474232180
299771541436803454340
3837620896667053783955200
85395
80
664984124620
38267339480
0722890855
23955
6004581284585395491675
25285020850302660081555175
05766900712175
411713388195281230
12081632107139766890
666073520
9089359392637654140
2633505203371663209710546140
44224830
1516141483606103858835715
1928118690419014171380
1515
407554895
1098638745934262597424410
10440090580586670
5029580088840
71680286864354910390
105789437563106020
985
7851105
937100562180129868163105
39270
785
1716907801605987735
10730505
042544115
092157510087195974130531565
1579137314520328631606320
80
170
0
5
32644835
62560
36596519460916070
904867612053980
0244058791964992908635790
877311246281385350285138460
3598223780449340456469180
5900629484981235
641778367560345865
75655
887551530864684572153940
109774226645296005
12873148085810
6140
8898643719065800680
333711223673722898660178635
8532765113212649537017569295
49444752045629238825
05
4764142032529657523156603555
9141672375
85
71205012939402694240832219620
31682872967482805
87708578707695480545
7130621770
3313470
051262773233104637415
3333253946976892005833587620
6765961657937824130
9093290165064179598114043860
97533030225821207800
3929095
834581604367536821600
0243895
8305352880
15500
5
16885
83419413553734150
95765784510736972869087020
09590277798970255
70
5936501490
482844315848120
9549383046399773467650
8135
646240
01560373066425
65
86373975016395
3880
14557565
05662355
670
668880793285063631851535
619949385905
8042651552620
34230562903776035248280
02205
9231197358932410424386550
1009037382312128400559190
1015
092445039947703920
6853117530
3679326743573688590446426600
6985
72440390417325502295134218410
0
653551113487416855
283631787121150
8377832479271814660
4894248906988686550
6629268196483992164013641350
448604541052358121690
2541579160611642731501015
27056728640439312714885560
85
220
9448355601337389185626330220
713168200736425230
373352384570
51899725230100
0521063148560
05
2624689710085153337994807215
792605
26887283698627394725
5961834272102914924101790
7212530763870742542938673485
4688110765682281198678115150
14731158335
010
860332533436113776043402290230
760540345941569700879114566235
88779891150643618370
9660
5266440223404071428806980
903397064947416620870683255
575
37308705087190480
2780331008154475740
9438396166388179119750865
0521780881321472300130275
13633995743643570324881938485
0
9080814431322118570102530365
8803797165
3779547503468184040754435
96935958276182310
7607374727882280064420
0185456330
20223834266301660769731855270
00683487238170140
2529390
0110018905489690
694198621555
6652271365
96208007970425230765332890
940151013128300174096655000120
744049241829845
0
50783766565547972495150
7448687612183533255555
2470112258936248077445
8036587090
377057412922421246636201660
855258495655
8867971635699920
2563007621165
709312055
8096165766648596541260
30553508032557456000520
843958760
635250074065
0708731686520316408038690
5490
797323529887560
472017552665
82627858450
76226316304583525
0352167561215
836214346126907096565
6835
3443112353655
29713096705446586258303538085
5951048785
50
137790
60
8087772141355780847600440885
7064573475
537662595045723415
81030128650160136465564666790
021201451173731589816985
0411510126462116349055
01230140892104366677190
2604474920
11292950318402161573520
763525830
068511556031019010
906418971067413640
92741252715
69595140
201245
1768340358141465064814860210
48505
95271595
70388428635011871418432306755
25141579034521282255
81929673732953338020
5561320471094204757426385
8002082238299064016488060760
0744181900460376836255720
6674251836713905
155130
45412622842638837781335
7357302080
5105634124555871539184725
7985
48207452247756988804645
8773790
259523328475
162565
2244297072632547457637123285
219205148680083861812300
034215108907535527462921505
9616760489190
61109819195220645645705313365
70
28914886563372692695
237959321379699716062030
11992114476617855147552348925
7052701310671447787517988940
021480
232357740
7230785
365326416797250408155
72358643498478280
509710
517942494215
5819805114688040
632261057900915
27749718566480665245
7853275395058614195243005
6853508815
750
9175916821383745
26945567445700
86390371796890
200234451308304415
88670330992493176974948769275
448022175775
43891650888135170910316581770
9657620195205
37093810650168479330
8640965323544995
20
08287767012903700
5496790642795
2846525407457730460
88843556455126021406815
6005828031770015
280
32060
9459673482358704234226239200
816830081105137600602405
9120512416135290
712961029545
90
730585
510359613016342698229280
0910843698856131103712629495
135
6162872411777448015
53834218528260
148424766468437465
8560140
8080
20
9651677724748865
20
27555035478904517597890
1380759971945
82647586859496576075
80
95553399296500
592499440430
00500627938012572035
1446730
990
6152385
19469571044418889342680294580
4766227101100718185730513655
3671730465014178965
33158147428067850
66693177885276621623472745
48896200319539425645992006415
32186171491625
8458520
3665
689150
46994632625733268845
211588907229275
985995
29485309891547216380
41301458225034101495751477780
03068497864036660
29730819732394967343790
295887372655
75
07499647667340
3378308197147519869323151970
3301703423233795
219500
416085
8552045036185
