54102825248165
354775
510269336735562225229613465
27456560
171320376268510
3435
0820395
257090
47737188943408052075
267310
0905
59283949424831199102280524925
72643125926842004265
7692637263531250
565538697945691315
70
03172328087874874889860
67570260
42360448529632015
11210235097888430
2128668890
9846651454512338534531330
282984242077350
48815670
2030
340820
5191918275
613764600
755116149556976298949081590
6674495679076969303671535
459323513447914455508132975
776079653767590
3960
999151802735414537366180
3043325
04252228768257180
911275440
8168103935141458787024573500
92774285820192686125676925
390778652660775607385846573730
010149687500
0
389185921304166484063123750
003339482740100123336100
0690493080
39900
7626432266500
143559370072935202265
860095025
19936331549147001966047000
93932852198610894090480
9286414255083619285683527330
637955444887346276869950115
019064234205585317069435
182213006023244433573960
774962795
931370848009215802903035
929859338975
6020
532440017240
75
5457314307878818796324926815
3295
06195964075257993180955
939866086707845386413447618990
900
30516915820356172571655485
72508618218194850827493015685
3234176277338415280295360
6174038748256855
80
6045
5860913493582300
4785209769141357134121543460
20
751761849570881641167491430135
14395
86694526450
90957562140835234302958365
165808378462048430
7620217512195
3359326350
05490
697802466007026404606722345
884845604339152842733510
8014253681061130
5890
95421485
92033139169724632153355693170
7035
0536407425746044446487582405
859904014492309075
7675492683758704340052915
95375760130
89120
5425
098444404113719006565
441252822079112389091005
7847483958230
703080225243409724404181135
622442857102885544118680
2817568841826962983965
87036702515370
881244232744570
515440819982217694880
9313985
29931440
0437714705850
182751222199942086167387992875
08751865722573037313448435
38457810565
43659456860
6719390722937725
963650
42105118455980
81562602536036745
0
5801541398400262203620
895696690
105949918959857616070000
176505220164970
1257944897449864015
9356051149361355973554870
8582259149806215
5
874435
02261196649576250
98456469887709877519525
563258815
8540627896761448495
73948671636711451547194585380
0084790761381342599594565790
16909283950464670
284675127698366645341540
66221362625
0
420550282074552432959582020
695445315715
922181855650
0896301403737607600410349345
3043755
298983814323896275456775
14100
715
26783175383163253183833630
2557265
760245070
86627030038090
00469145
071405
422243576553500046296852095
66755576864239604829560
6256250545
5498390
0742974460005443417684166245
261048880
05
5355605
82839790058115
2127504735
700
91316570035355
2689224080170510
856462017289805992520
2135837302301375
140518413648300
28800
2664802755
1709681751598931700
44128300003370
9303311180950
845464663791628050572489260160
656682454319321630
148920146345
0226730461998820385823720090
36668811877704703120
09501891536993380
8556878835
241820030506576687070
46577869217635107077435
091365530815
02441091512940261829882275605
52480524086780
165998786414173179579540
6080
010
45885037715
250
53777414555
10
92475
229680
280935512023626130
8727118377768010590
7469587184385
626013389562381730760
112334003462051938511371675
5858794459372393911944271610
8228623006359130
02223755
5
4621966021242049017040890
0
386950
81312126734011258819400
0997552975
8495
85161292520746241940608193660
16960
72090
80
42347387460
9202658831485204537524860
6315720
4052799242330403255
81585598028790118972400
3967830600
225765
1762280
40
34365096600150
5839313210350485412215
113720608582102014996961525
449295658004160425
8665269468489564114553849465
219375
2943695614825306929440414220
8810
9700272240664243830
5211739968598272551837659905
125455904400790
9451410
487645679794280
5
65926621021097696380935
03085643615148656311235
40
8407551606223656518340980
420040014917954251940
922439512724902580
1099753600
280512156780247765180
350
17770216432993848121485
80
2717547900
844756377673867574908525468845
318982360
2498621145171003860
673022877454810
257908238825158002583131100040
246636744159351611155348880
3318405112257740
80773887415
034782536746781145
64260400
80680
5
4047465100027764089769610
059147660
8015468890
71482005492286671597645
244885
8033539540022508350
27405142434020111896363305
064054828780
484354940
3152481187225
45385
1708337365
157246707074133545655550
0
5487371089360492145
218490
335
127735120
0463196204055908324218410
530959940
97100086055664805
63994999847466231815
0
93309760
5
666158301208091986416646351730
12354123546281126680655
06423200371417060
2391819639077885092439194005
4470878817438705700695
3954996201134635
20581521708845
9098057708140
5
8560375017181575069734286565
949594778965114897695
70958325
61716099891828915
2329665376265688405
030575982483035
55371435407254228340335
1350
1710642834959137355
1358689519681269372955
05
120919774956235
2627878792469792784483025
21603082267338055
670
707607237351079417995
1422215755
5354190938514545619451550
0
272495
276072810
8340460
300
7802138090
11114113745
370
382185
517341962465
02990932410461954815
4021756432622810950221530325
06990688072212459445
76673016521770313543505500
4952583700935620
820071962156472060044173715
193134654862055967335
5
12315112545
90
8755722039040
555
2261110785864211430245
280
882350
014841075
43272470
7857364869110
50138162581061432983859033980
69143338085
929905
521211965
042358038515655
48713376352851621897020154555
25423687895395025
116426627525501324132129455695
020688178094958665293229260
27687295655
5
0660838252160
0
4880
40453696960547579380
569630
625088020348616608805
1766598752140
343970363358683401149445
396657874500116698692190
90493890
701584397026020002270
764656424869841462260715
4421742500650070065
7823609608989074028293437250
171126220925602930680
0832500455
15832732645
65735642498946454475957185
932464830601925
103694306517025205
88418490985
3704155606943392951774260
86733189028490
6977509232659437063309425
263517175
4805
15827354519441173703873076900
40157748083485
48667040660
6076351101922391422670
6090
0708268336445901755827130
38638413471042190040233002815
6352867329459932349587545
9693090
7183923320
730597766416215
69815270
34309506551783488266335
1876108044594558885
44503591635136141957262760
7206873098811523009725
79407819655776422757265
0
9243445027009563620
3373861296869278480
032207445395920
5
3458871122869155185
198921732167230025
370248399333395270382298595
05160631173296291311740
08243750833595
5793275170247744406222027530
905576077716905
80227645354716705490
8625179228028782360685
6017308184776757605890179985
84862439835475
08496450
913909800
4179059373325536565
90
9744740665
7745
5205463561022807757585
1934589470
718473029477215
60
999063945749914718257989110995
1187993774262934984257630
587213409340434477744333385
1349970
12400033050296231135093335
96858180
153899452072795
215232083966805
38666454811107220192261700
5
178893475110504354111055
1303616459805988715
590869003065
324248386940621612507763564775
1747116915328997590
65885444978366955
05072390
097704130336530000
53230916382134334790
96067263538599293916542767215
355257660360
64870
489709942500240369892184515565
71396730263594295
9214753031385245
7176646163304086863829390
0015310
03170600487240
528565
0280
58860591183015
270567040120657579918180
1960718515380
6484467811332426480
20
546323807672372907051496789780
609385958520
7847875
46882796875784362861000124475
09691677492178879225
0
125129379264490397295550
42645061679848098870
8208447583957052782949175
0366533040
128998923346630748737507050
727390
17099960390808686048805
88746836760
43427880
0
480
0942550600
7513137785
883010522394696031898685
985199130501740047860
03210
3507583300412623617468640305
706944819150
7240942393217374091670
40991201094711709580
0661488967836873697385826110
46555981057809105
2434901341636603904618617955
88204795
74625311207106236700
667453360580
06274735
97017555395333421046460350
4705422239190
39092388115
793563180
5957713310
32310
15
6343600
15
9653524164512329740
727501390721966161979213985070
33179645787799235
345
2023041737035533271895
